85
92
58
93
97
101
59
89
91
94
83
79
74
68
95
102
88
62
58
74
85
92
58
93
97
101
59
89
91
94
83
79
74
68
95
102
88
62
58
74
85
92
58
93
97
101
59
89
91
94
83
79
74
68
95
102
88
62
58
74
85
92
58
93
97
101
59
89
91
94
83
79
74
68
95
102
88
62
58
74
85
92
58
93
97
101
59
89
91
94
83
79
74
68
95
102
88
62
58
74
85
92
58
93
97
101
59
89
91
94
83
79
74
68
95
102
88
62
58
74
85
92
58
93
97
101
59
89
91
94
83
79
74
68
95
102
88
62
58
74
85
92
58
93
97
101
59
89
91
94
83
79
74
68
95
102
88
62
58
74
85
92
58
93
97
101
59
89
91
94
83
79
74
68
95
102
88
62
58
74
85
92
58
93
97
101
59
89
91
94
83
79
74
68
95
102
88
62
58
74
