78
79
77
76
75
74
73
72
71
70
69
68
67
66
65
64
63
62
61
60
78
79
77
76
75
74
73
72
71
70
69
68
67
66
65
64
63
62
61
60
78
79
77
76
75
74
73
72
71
70
69
68
67
66
65
64
63
62
61
60
78
79
77
76
75
74
73
72
71
70
69
68
67
66
65
64
63
62
61
60
78
79
77
76
75
74
73
72
71
70
69
68
67
66
65
64
63
62
61
60
78
79
77
76
75
74
73
72
71
70
69
68
67
66
65
64
63
62
61
60
78
79
77
76
75
74
73
72
71
70
69
68
67
66
65
64
63
62
61
60
78
79
77
76
75
74
73
72
71
70
69
68
67
66
65
64
63
62
61
60
78
79
77
76
75
74
73
72
71
70
69
68
67
66
65
64
63
62
61
60
78
79
77
76
75
74
73
72
71
70
69
68
67
66
65
64
63
62
61
60
